26
28
32
41
13
36
7
46
50
64
72
75
36
28
52
20
15
14
83
7
71
64
45
14
60
62
43
30
72
17
89
31
35
57
17
17
21
54
55
66
81
92
37
64
15
61
93
63
95
16
17
4
84
59
73
94
49
75
3
44
8
27
78
28
45
48
95
77
85
8
82
4
36
16
20
46
24
33
1
15
53
40
40
40
64
12
28
52
78
57
95
16
26
44
98
73
36
71
19
63
97
74
80
73
14
42
60
1
80
32
24
19
37
18
97
40
41
43
37
98
71
94
51
86
45
83
64
33
14
36
76
6
87
54
13
31
19
81
98
72
57
89
86
47
84
65
8
64
51
82
47
32
92
40
17
29
67
47
15
28
75
31
53
5
3
23
98
18
40
48
2
71
35
9
24
66
88
82
11
36
18
68
19
32
58
32
15
62
35
56
20
27
95
11
2
35
9
0
86
44
92
43
71
26
90
93
59
12
16
48
79
29
88
88
8
84
97
60
60
49
82
40
59
94
23
25
87
28
10
30
49
51
66
2
20
57
48
39
8
39
8
25
43
89
69
29
98
1
54
27
66
70
7
35
70
92
82
12
50
72
94
62
70
45
40
14
91
77
70
56
19
70
23
51
84
32
14
23
81
78
15
56
92
82
16
52
98
97
15
25
45
25
19
55
57
84
22
31
95
25
12
12
35
38
66
33
64
80
15
19
98
65
84
9
89
50
91
31
14
82
94
10
89
4
3
77
36
44
27
22
66
24
12
27
9
13
61
31
5
61
39
57
45
26
7
20
86
56
54
92
26
24
87
36
85
10
55
34
87
46
94
27
33
67
50
92
22
20
94
55
2
52
66
45
31
60
94
73
84
96
22
60
57
56
17
63
55
34
37
78
49
46
51
63
11
45
35
36
58
59
29
45
90
92
82
75
82
2
44
84
72
43
79
78
25
79
32
78
75
75
24
72
58
94
2
16
24
88
67
8
98
13
59
55
54
31
72
98
33
57
37
14
56
5
26
6
83
79
5
40
77
71
21
17
88
69
55
87
26
38
35
14
56
32
69
34
77
46
58
71
29
48
21
94
27
41
54
1
62
25
27
21
71
9
94
13
88
59
14
53
60
59
61
78
28
27
98
8
48
2
